116.40332233225863 39.92867787291636
116.2803662104276 40.00788644073062
115.992159141863 40.350893556708535
116.41703466942762 39.88650227512233
116.3913322470744 39.944133164596344
116.39635000019543 39.928756075950055
116.40281800737584 39.932270049811905
116.56634940512592 40.432484108144074
116.37932561150944 39.94569949335252
116.40974070895794 39.9442618899136
116.41466423162757 39.914343641245345
116.4041774131041 39.9096519665138
116.42332126920014 39.95326308230505
116.3054340544974 39.96548984110075
117.29285596259271 40.66364899126755
116.26268511909177 40.39213055390503
116.33736225774689 39.944740241646016
116.4042425806773 39.905107902647956
116.31840944877517 40.00263605513349
116.41961130157955 39.95189025090906
116.3221128030706 39.516786406946146
116.40370475438883 39.90222873787892
116.4309711715502 39.97474809977646
116.4034138534206 39.924091367210636
116.4041774131041 39.9096519665138
116.33543579756376 40.006874613381584
116.46128646725653 39.94679971548048
116.37251358116619 39.91812360584148
116.41961130157955 39.95189025090906
116.37251358116619 39.91812360584148
116.03425682104508 40.54985621115731
116.4064336888501 39.90595840917834
116.62735270349465 40.377682995302514
117.2520589687043 40.66211998711191
116.28641953193713 40.00366094855449
116.39565042771171 39.99470271044035
116.28641953193713 40.00366094855449
116.69292649046763 40.403443264142005
116.08328247306599 40.29155394754896
116.50205318196112 39.989136622925365
116.36279799026202 39.876873709135204
116.29254094500433 40.00001830954035
116.21618632411446 40.007561066821914
116.34725596736249 39.95003651748439
116.32049800908587 39.92693212434284
116.30807893541042 39.83452454803634
116.38864678880317 39.88455017179547
116.29997298581058 40.05510109128797
116.40384710616807 39.91552563252131
116.19019556096373 39.96852662288966
116.03648327125156 39.88482900619866
116.4050120287534 40.012268750273805
116.40235892834495 39.94718788662805
116.21313847412934 39.978738367447825
116.48907934085355 39.96147650980369
116.40143693811191 39.94542251881795
116.10760355576534 39.94614672003409
116.32082580076646 40.413015632441585
116.31375695565755 39.92550389183032
116.20204079707939 39.876188761119614
116.34874459703326 39.91217808006678
116.04525351777603 40.345737468177795
116.41070050348006 39.83807208599875
116.4034138534206 39.924091367210636
117.30889242272629 40.18095445435738
117.25660651817903 40.26585286979517
116.29997298581058 40.05510109128797
116.01081796418708 40.36417206647983
116.1037566522494 40.110119306422284
116.4154627857005 39.93136253837209
116.41824181866008 39.95483055174396
116.8267029554885 40.547007341297935
116.41961130157955 39.95189025090906
115.99194375694748 40.35686125197214
116.28641953193713 40.00366094855449
116.3919536768601 39.939359086932065
116.30980404131178 40.01265806641078
116.4034138534206 39.924091367210636
116.74927741788832 39.89318227658981
116.40460352252614 39.90361868070126
116.46558899132712 39.881355917242246
116.44457555934606 39.88695126603533
116.11316550416092 40.05813275256317
116.12314540888512 39.869866738984456
116.40251450767285 39.94290658055867
116.4224009776628 39.93482727239599
116.38846373659788 39.94772068946822
116.709985132441 40.45278716023971
116.3558554936197 40.700689674476436
115.88728855994908 40.40516571045176
116.3764939441351 39.890364449548315
